***LIGAR***
4448, 4376, 576, 1608, 580, 540, 556, 1636, 556, 1632, 556, 540, 560, 540, 556, 1632, 556, 544, 556, 544, 556, 1632, 560, 544, 604, 488, 560, 1628, 560, 1628, 556, 540, 560, 1636, 608, 492, 556, 540, 560, 1632, 560, 1628, 608, 1580, 556, 1632, 608, 1580, 608, 1580, 560, 1636, 556, 1632, 608, 488, 560, 540, 556, 520, 628, 492, 608, 488, 556, 544, 556, 544, 608, 488, 560, 1636, 604, 492, 556, 540, 560, 540, 608, 492, 556, 540, 612, 1580, 556, 1632, 556, 540, 556, 1636, 608, 1580, 556, 1632, 556, 1632, 608, 1580, 524, 5264, 4444, 4372, 576, 1612, 576, 540, 608, 1584, 608, 1580, 556, 540, 608, 492, 556, 1632, 556, 544, 608, 492, 608, 1584, 556, 540, 560, 540, 556, 1632, 556, 1632, 556, 540, 612, 1584, 556, 544, 556, 540, 608, 1584, 560, 1628, 608, 1584, 556, 1632, 556, 1632, 556, 1632, 560, 1636, 608, 1580, 556, 544, 604, 492, 608, 488, 560, 540, 608, 492, 556, 540, 608, 492, 608, 492, 556, 1636, 608, 488, 608, 492, 556, 540, 560, 540, 604, 496, 608, 1580, 560, 1628, 560, 540, 556, 1636, 556, 1632, 556, 1632, 608, 1580, 556, 1636, 524

***DESLIGAR***
4472, 4368, 576, 1612, 576, 540, 556, 1636, 556, 1632, 556, 540, 560, 520, 576, 1632, 556, 544, 556, 544, 556, 1636, 556, 540, 560, 540, 556, 1628, 560, 1632, 556, 540, 556, 1636, 560, 540, 556, 1632, 556, 1632, 556, 1632, 556, 1632, 556, 540, 560, 1632, 560, 1632, 556, 1636, 556, 544, 556, 540, 556, 544, 556, 540, 556, 1632, 556, 540, 556, 544, 556, 1640, 556, 1628, 560, 1628, 560, 540, 556, 540, 556, 544, 556, 540, 556, 544, 556, 544, 556, 540, 560, 540, 556, 1636, 556, 1632, 556, 1612, 576, 1612, 576, 1632, 524, 5264, 4444, 4388, 560, 1628, 556, 544, 556, 1636, 556, 1628, 560, 540, 556, 544, 556, 1628, 560, 524, 576, 540, 560, 1632, 556, 544, 556, 540, 556, 1632, 556, 1632, 556, 544, 556, 1636, 556, 544, 556, 1632, 556, 1632, 556, 1632, 556, 1632, 556, 540, 556, 1636, 556, 1632, 560, 1636, 556, 540, 560, 540, 556, 540, 556, 544, 556, 1628, 560, 540, 556, 544, 556, 1636, 560, 1628, 560, 1628, 560, 540, 556, 540, 560, 540, 556, 540, 560, 540, 556, 544, 560, 540, 556, 540, 560, 1632, 556, 1632, 556, 1632, 556, 1612, 576, 1636, 524

***DESUMIDIFICAR (Ref. 21 GRAUS)***
4388, 4436, 612, 1576, 612, 488, 612, 1580, 612, 1576, 612, 484, 612, 488, 612, 1556, 628, 492, 612, 488, 612, 1560, 632, 484, 640, 460, 612, 1576, 612, 1576, 612, 484, 612, 1584, 612, 488, 612, 484, 612, 488, 612, 1576, 612, 1576, 612, 1576, 612, 1556, 628, 1580, 612, 1584, 608, 1576, 640, 1548, 612, 488, 636, 440, 632, 488, 612, 464, 632, 488, 612, 488, 636, 1556, 612, 1556, 656, 460, 612, 488, 608, 1576, 612, 488, 612, 488, 612, 1580, 612, 488, 612, 464, 632, 1576, 612, 1576, 612, 488, 608, 1580, 612, 1580, 524, 5260, 4500, 4312, 636, 1576, 636, 460, 612, 1560, 632, 1576, 612, 484, 612, 488, 612, 1576, 636, 464, 612, 468, 628, 1584, 636, 460, 612, 484, 640, 1548, 616, 1572, 612, 488, 612, 1580, 640, 440, 632, 488, 612, 484, 612, 1576, 612, 1556, 632, 1576, 612, 1576, 612, 1576, 612, 1584, 636, 1552, 612, 1572, 640, 460, 612, 484, 612, 488, 612, 488, 608, 488, 616, 484, 612, 1580, 612, 1576, 612, 488, 612, 484, 612, 1556, 632, 484, 612, 492, 612, 1580, 612, 484, 616, 464, 632, 1576, 608, 1580, 608, 488, 612, 1556, 636, 1560, 540

***MODO COOL (Ref. 21 GRAUS)***
4448, 4388, 556, 1632, 560, 536, 560, 1632, 560, 1628, 556, 540, 560, 536, 560, 1628, 560, 540, 560, 540, 560, 1632, 556, 540, 588, 488, 580, 1628, 560, 1628, 556, 540, 560, 1616, 576, 544, 556, 540, 588, 1604, 556, 1628, 560, 1628, 560, 1628, 560, 1628, 556, 1632, 560, 1616, 576, 1608, 580, 540, 560, 536, 560, 540, 556, 540, 556, 540, 560, 540, 560, 540, 560, 1608, 644, 1544, 576, 540, 560, 540, 556, 540, 556, 524, 576, 540, 560, 1628, 560, 540, 560, 536, 560, 1608, 576, 1632, 556, 1632, 556, 1628, 588, 1584, 548, 5252, 4428, 4384, 560, 1628, 560, 540, 556, 1632, 560, 1608, 576, 544, 556, 520, 576, 1632, 556, 544, 556, 544, 556, 1632, 560, 540, 556, 540, 560, 1628, 556, 1632, 556, 540, 560, 1632, 560, 520, 580, 540, 556, 1636, 556, 1632, 556, 1632, 556, 1628, 560, 1628, 560, 1632, 556, 1636, 560, 1628, 556, 540, 556, 520, 580, 540, 556, 540, 560, 516, 580, 544, 556, 524, 576, 1628, 560, 1628, 560, 536, 560, 520, 580, 536, 560, 520, 576, 544, 556, 1632, 556, 540, 560, 540, 556, 1632, 556, 1628, 560, 1628, 560, 1628, 560, 1608, 552

***17 GRAUS***
4408, 4412, 612, 1580, 608, 488, 612, 1580, 640, 1548, 612, 488, 612, 484, 612, 1576, 612, 492, 636, 464, 608, 1584, 608, 488, 612, 488, 608, 1580, 612, 1576, 612, 484, 612, 1584, 612, 488, 612, 488, 636, 1556, 608, 1580, 608, 1580, 608, 1580, 612, 1576, 612, 1576, 612, 1584, 612, 1576, 608, 488, 640, 460, 612, 488, 608, 488, 612, 484, 612, 488, 612, 488, 612, 488, 608, 488, 612, 488, 612, 484, 612, 488, 608, 488, 612, 488, 612, 1580, 612, 1572, 612, 1580, 608, 1580, 608, 1580, 608, 1580, 612, 1576, 612, 1576, 528, 5256, 4476, 4340, 608, 1580, 608, 488, 612, 1580, 612, 1576, 612, 488, 608, 488, 612, 1576, 612, 488, 636, 464, 612, 1580, 608, 488, 612, 488, 608, 1580, 608, 1576, 612, 488, 612, 1580, 612, 492, 608, 488, 608, 1584, 608, 1580, 636, 1548, 612, 1580, 608, 1580, 608, 1580, 612, 1584, 608, 1576, 612, 488, 612, 484, 612, 488, 608, 488, 612, 484, 612, 492, 636, 460, 612, 488, 612, 484, 612, 488, 612, 484, 612, 488, 612, 484, 612, 488, 612, 1576, 612, 1576, 612, 1576, 612, 1576, 612, 1576, 612, 1576, 612, 1576, 612, 1580, 528

***18 GRAUS***
4504, 4320, 632, 1576, 612, 488, 612, 1580, 608, 1580, 612, 484, 612, 488, 608, 1576, 612, 488, 612, 488, 612, 1580, 612, 488, 612, 484, 612, 1576, 612, 1576, 612, 488, 612, 1580, 612, 488, 612, 484, 616, 1556, 632, 1576, 612, 1556, 632, 1576, 612, 1576, 612, 1576, 612, 1580, 612, 1576, 612, 488, 612, 484, 612, 488, 612, 488, 608, 468, 632, 488, 612, 488, 608, 488, 612, 484, 612, 1576, 612, 488, 608, 488, 612, 468, 632, 488, 608, 1584, 612, 1576, 612, 1576, 612, 484, 612, 1580, 612, 1576, 612, 1576, 612, 1576, 524, 5264, 4500, 4332, 636, 1532, 656, 460, 612, 1580, 612, 1576, 612, 488, 612, 484, 612, 1576, 612, 488, 612, 488, 612, 1580, 608, 488, 612, 488, 612, 1572, 612, 1576, 612, 488, 612, 1580, 612, 488, 612, 488, 608, 1580, 612, 1556, 632, 1556, 632, 1576, 612, 1576, 612, 1576, 612, 1584, 608, 1560, 656, 440, 632, 464, 632, 488, 612, 484, 612, 488, 608, 492, 608, 488, 612, 488, 612, 484, 612, 1576, 612, 488, 612, 484, 612, 484, 612, 488, 612, 1564, 628, 1556, 632, 1576, 612, 488, 636, 1556, 612, 1576, 612, 1572, 612, 1580, 528

***19 GRAUS***
4444, 4368, 580, 1608, 576, 540, 560, 1632, 560, 1628, 560, 540, 556, 540, 560, 1628, 556, 544, 556, 544, 560, 1632, 560, 536, 560, 540, 560, 1608, 576, 1632, 556, 540, 556, 1636, 560, 540, 560, 540, 556, 1636, 556, 1632, 556, 1632, 556, 1628, 560, 1628, 560, 1632, 556, 1636, 556, 1632, 556, 544, 556, 540, 556, 540, 560, 540, 556, 540, 560, 540, 560, 540, 560, 540, 556, 1636, 556, 1628, 560, 540, 556, 540, 560, 540, 556, 544, 556, 1636, 560, 1628, 556, 540, 560, 520, 576, 1632, 556, 1632, 556, 1632, 556, 1632, 528, 5256, 4448, 4364, 580, 1628, 560, 540, 556, 1636, 556, 1628, 560, 540, 556, 540, 560, 1628, 560, 540, 556, 544, 556, 1636, 556, 540, 560, 540, 556, 1632, 556, 1628, 560, 540, 556, 1616, 580, 540, 560, 540, 556, 1636, 556, 1628, 560, 1628, 560, 1628, 560, 1628, 560, 1632, 556, 1636, 556, 1632, 560, 540, 556, 540, 556, 540, 560, 540, 556, 540, 560, 540, 560, 540, 556, 540, 560, 1632, 560, 1628, 560, 520, 576, 540, 560, 540, 556, 544, 556, 1636, 556, 1632, 556, 540, 560, 540, 560, 1628, 556, 1632, 556, 1632, 556, 1632, 532

***20 GRAUS***
4468, 4364, 580, 1632, 556, 540, 560, 1632, 560, 1628, 556, 540, 560, 540, 556, 1628, 560, 540, 560, 540, 560, 1632, 560, 540, 556, 540, 560, 1608, 576, 1632, 556, 540, 560, 1636, 556, 544, 556, 540, 556, 1636, 556, 1632, 556, 1636, 552, 1632, 556, 1608, 580, 1632, 556, 1636, 560, 1628, 560, 540, 556, 540, 556, 540, 560, 540, 556, 540, 560, 540, 560, 520, 580, 540, 556, 1632, 560, 540, 556, 540, 560, 540, 556, 540, 560, 540, 560, 1628, 560, 1628, 560, 540, 556, 1636, 556, 1632, 556, 1628, 560, 1628, 560, 1628, 532, 5276, 4424, 4388, 560, 1628, 560, 536, 560, 1632, 556, 1612, 580, 536, 560, 540, 556, 1628, 560, 540, 560, 540, 560, 1632, 560, 540, 556, 540, 560, 1628, 556, 1632, 556, 540, 560, 1632, 560, 540, 560, 540, 556, 1612, 580, 1628, 560, 1628, 560, 1628, 560, 1628, 556, 1632, 560, 1612, 580, 1608, 580, 540, 556, 540, 560, 536, 560, 540, 560, 536, 560, 540, 560, 540, 556, 540, 560, 1632, 560, 536, 560, 520, 580, 536, 560, 540, 556, 544, 556, 1632, 556, 1632, 556, 540, 560, 1632, 560, 1628, 556, 1632, 556, 1632, 556, 1632, 532

***21 GRAUS***
4388, 4412, 580, 1632, 556, 540, 556, 1636, 556, 1632, 556, 540, 560, 540, 556, 1628, 560, 540, 556, 544, 556, 1636, 556, 540, 560, 540, 556, 1632, 556, 1608, 580, 540, 556, 1636, 560, 540, 560, 540, 556, 1636, 556, 1628, 560, 1628, 560, 1628, 560, 1628, 556, 1636, 556, 1636, 556, 1632, 556, 520, 580, 540, 556, 544, 552, 540, 560, 540, 556, 524, 576, 544, 556, 1632, 556, 1628, 560, 540, 556, 540, 556, 544, 556, 540, 556, 544, 556, 1632, 560, 540, 556, 540, 556, 1632, 556, 1612, 576, 1632, 556, 1628, 560, 1628, 528, 5236, 4444, 4368, 580, 1628, 560, 536, 560, 1636, 556, 1628, 560, 540, 556, 540, 560, 1628, 556, 544, 556, 544, 556, 1636, 556, 540, 560, 540, 556, 1612, 576, 1628, 560, 540, 556, 1616, 580, 540, 560, 540, 556, 1632, 560, 1628, 560, 1608, 580, 1628, 560, 1628, 560, 1632, 556, 1636, 560, 1608, 576, 544, 556, 540, 556, 540, 560, 540, 556, 520, 580, 520, 580, 540, 556, 1632, 556, 1632, 556, 540, 556, 544, 556, 540, 556, 544, 556, 520, 580, 1632, 556, 544, 556, 540, 556, 1632, 556, 1632, 556, 1632, 556, 1612, 576, 1632, 524

***22 GRAUS***
4448, 4388, 560, 1628, 560, 520, 576, 1612, 580, 1628, 560, 540, 556, 540, 556, 1632, 556, 544, 608, 492, 556, 1632, 560, 540, 556, 540, 556, 1632, 556, 1632, 556, 540, 556, 1640, 556, 540, 560, 540, 604, 1584, 560, 1628, 560, 1628, 560, 1628, 556, 1632, 556, 1632, 556, 1636, 556, 1632, 556, 540, 560, 536, 560, 540, 556, 540, 560, 540, 556, 544, 556, 520, 580, 1628, 556, 1632, 556, 1632, 556, 540, 556, 540, 560, 536, 560, 540, 560, 1636, 556, 540, 556, 540, 556, 544, 556, 1632, 560, 1628, 556, 1632, 556, 1632, 524, 5260, 4444, 4388, 556, 1612, 576, 540, 560, 1632, 556, 1632, 556, 540, 556, 540, 560, 1628, 560, 540, 560, 540, 556, 1636, 556, 540, 560, 520, 576, 1608, 580, 1628, 556, 540, 560, 1636, 556, 544, 556, 540, 556, 1636, 556, 1628, 560, 1608, 580, 1628, 556, 1632, 556, 1632, 556, 1636, 560, 1628, 556, 540, 556, 544, 556, 540, 556, 540, 608, 468, 580, 540, 560, 544, 556, 1628, 560, 1628, 560, 1628, 556, 540, 560, 540, 556, 540, 560, 540, 556, 1636, 560, 520, 576, 540, 556, 544, 556, 1632, 560, 1628, 560, 1628, 556, 1636, 524



***23 GRAUS***

4440, 4384, 556, 1632, 608, 492, 556, 1632, 560, 1628, 608, 488, 608, 492, 608, 1576, 608, 492, 608, 492, 560, 1632, 556, 540, 560, 540, 556, 1628, 560, 1628, 608, 492, 556, 1636, 556, 544, 608, 488, 556, 1636, 556, 1632, 556, 1632, 604, 1580, 612, 1576, 556, 1632, 560, 1636, 556, 1632, 604, 492, 556, 540, 560, 540, 556, 540, 608, 492, 556, 540, 608, 492, 560, 1628, 560, 536, 560, 1632, 556, 544, 556, 540, 608, 488, 608, 492, 560, 1632, 560, 540, 556, 1636, 608, 488, 556, 1636, 556, 1632, 608, 1576, 560, 1628, 528, 5272, 4424, 4388, 604, 1580, 612, 488, 556, 1632, 608, 1580, 612, 488, 608, 488, 608, 1580, 556, 544, 556, 544, 556, 1636, 556, 540, 608, 492, 556, 1632, 556, 1628, 608, 492, 608, 1584, 608, 492, 608, 488, 556, 1636, 556, 1632, 556, 1628, 560, 1628, 560, 1628, 556, 1632, 608, 1588, 604, 1584, 604, 492, 556, 540, 608, 492, 608, 488, 608, 488, 560, 540, 556, 544, 560, 1628, 556, 540, 560, 1632, 556, 544, 556, 540, 556, 540, 608, 492, 608, 1584, 608, 492, 556, 1636, 608, 488, 556, 1636, 556, 1628, 608, 1580, 608, 1584, 524

***24 GRAUS***

4416, 4416, 580, 1628, 560, 540, 556, 1636, 556, 1612, 576, 540, 560, 540, 556, 1632, 556, 544, 556, 544, 556, 1616, 580, 536, 560, 540, 556, 1612, 580, 1608, 580, 540, 556, 1636, 560, 540, 556, 544, 556, 1636, 556, 1632, 556, 1632, 556, 1632, 556, 1632, 556, 1632, 560, 1616, 576, 1632, 556, 540, 560, 540, 556, 540, 560, 540, 556, 540, 560, 540, 560, 540, 560, 1628, 556, 544, 556, 540, 556, 540, 560, 540, 556, 540, 560, 544, 556, 1636, 556, 540, 556, 1636, 560, 1628, 560, 1628, 556, 1632, 556, 1632, 556, 1632, 528, 5280, 4424, 4368, 580, 1628, 560, 540, 556, 1636, 556, 1632, 556, 540, 560, 540, 556, 1632, 556, 544, 556, 544, 560, 1632, 556, 540, 560, 540, 556, 1632, 556, 1632, 556, 540, 560, 1616, 576, 544, 556, 540, 560, 1632, 560, 1628, 560, 1628, 560, 1608, 580, 1632, 556, 1632, 560, 1636, 556, 1608, 580, 540, 560, 540, 556, 540, 560, 520, 580, 540, 556, 540, 560, 540, 560, 1632, 556, 540, 556, 540, 560, 540, 556, 544, 556, 540, 556, 544, 560, 1636, 556, 540, 560, 1632, 560, 1628, 556, 1612, 580, 1628, 560, 1608, 580, 1632, 524
